root_score=0.29203797092984585
test_accuracy=0.7001545595054095
train_accuracy=108.9400014693158
